9001104
9002430
9002817
9003430
9005075
9005132
9007827
9011115
9011420
9013161
9013798
9015718
9016403
9016918
9017909
9019287
9024940
9027189
9027422
9029095
9031426
9033937
9034644
9035317
9035647
9036287
9036948
9039627
9040944
9041946
9043637
9044005
9049223
9055836
9056326
9057417
9064927
9069761
9070207
9071781
9073948
9074437
9075745
9075815
9078486
9080864
9081306
9087632
9089627
9090290
9091131
9094693
9094783
9101066
9101951
9102858
9108714
9109062
9109448
9113018
9115742
9116298
9116534
9118430
9122643
9126260
9127197
9131266
9132472
9132486
9133694
9139557
9140600
9141244
9144384
9144760
9145695
9146462
9146898
9148828
9154793
9156526
9156694
9157758
9158391
9162299
9162394
9162498
9166468
9171766
9172581
9179789
9180558
9181790
9184495
9184790
9186589
9189303
9189553
9191054
9191533
9194860
9197466
9197994
9201011
9201046
9206450
9208400
9209896
9211049
9211261
9211547
9211751
9211869
9212052
9214395
9215390
9215922
9218935
9220441
9221040
9221985
9223685
9223789
9223980
9224590
9225592
9227993
9230284
9230363
9230504
9238060
9244698
9246518
9250129
9250756
9252130
9255535
9256759
9258562
9258563
9260515
9263025
9263504
9264694
9267719
9269275
9271965
9273362
9276684
9277154
9278228
9280204
9282257
9284505
9287216
9287241
9291206
9295946
9300338
9301082
9301332
9302260
9311154
9313233
9313330
9314341
9316108
9322401
9323079
9324400
9326707
9327065
9329062
9329346
9330155
9330729
9331465
9333574
9338059
9340139
9341240
9344856
9351245
9351700
9353017
9355112
9355228
9356006
9357990
9362660
9364366
9365968
9367389
9368286
9371267
9381181
9383004
9386858
9388068
9390064
9390312
9390719
9391061
9391372
9391984
9392537
9393987
9394168
9395121
9396968
9397088
9397530
9397976
9397988
9400618
9409032
9409550
9409935
9409941
9410190
9410340
9411118
9413071
9413279
9414083
9414291
9414968
9416102
9421281
9421492
9426339
9435315
9436006
9438523
9439428
9440518
9445105
9447139
9448315
9451212
9452100
9453364
9454360
9456548
9457264
9457359
9458093
9460287
9461404
9465287
9467278
9467311
9468561
9469318
9471287
9474571
9475286
9476283
9477358
9478504
9478732
9481413
9481628
9482262
9486827
9486952
9488834
9491365
9494867
9495437
9495873
9500225
9500365
9504627
9510418
9518765
9519310
9526396
9526739
9534875
9539084
9552108
9556464
9564189
9568504
9574271
9577982
9581253
9592258
9603227
9606490
9613993
9627197
9631713
9638953
9646958
9653075
9655592
9657594
9659472
9660708
9664468
9665234
9672573
9680800
9686590
9689922
9693806
9695135
9695686
9700341
9700450
9707649
9708353
9709257
9717730
9732959
9741448
9750090
9760079
9766939
9768869
9771973
9781749
9788072
9793168
9804361
9811475
9817241
9833489
9833782
9854269
9863766
9867315
9878765
9878871
9879069
9879774
9880455
9884591
9888049
9895555
9905024
9905156
9907090
9916140
9925594
9933836
9967815
9978579
9988421
9990192
9993833
9995338
9996098
